ccssid EUR EAS AFR
3285242 0.999980 0.000010 0.000010
2516872 0.998045 0.000010 0.001945
3291542 0.993445 0.000010 0.006545
2515592 0.999980 0.000010 0.000010
3287212 0.996432 0.000010 0.003558
3267922 0.999521 0.000010 0.000469
1265952 0.990883 0.009107 0.000010
2516452 0.999980 0.000010 0.000010
3269472 0.997887 0.002103 0.000010
3290072 0.989675 0.010286 0.000039
1265902 0.999980 0.000010 0.000010
2511882 0.999980 0.000010 0.000010
3293002 0.992619 0.007371 0.000010
3290892 0.994135 0.005855 0.000010
3285562 0.979483 0.008735 0.011782
1267132 0.999980 0.000010 0.000010
3287162 0.985652 0.005405 0.008942
1266492 0.999980 0.000010 0.000010
4271392 0.997485 0.000010 0.002505
1266672 0.991966 0.008024 0.000010
3269062 0.999980 0.000010 0.000010
1262422 0.999190 0.000010 0.000800
3269052 0.999047 0.000010 0.000943
2512012 0.999388 0.000010 0.000602
3292202 0.999980 0.000010 0.000010
3269352 0.999980 0.000010 0.000010
2511292 0.999980 0.000010 0.000010
3288172 0.991519 0.000962 0.007519
3287602 0.999980 0.000010 0.000010
3286482 0.993011 0.006979 0.000010
3286382 0.995370 0.000010 0.004620
3268182 0.999980 0.000010 0.000010
3287402 0.998845 0.001145 0.000010
1264772 0.999980 0.000010 0.000010
3268722 0.994912 0.001498 0.003590
2511092 0.821681 0.175657 0.002662
4271192 0.999980 0.000010 0.000010
3291652 0.990455 0.009535 0.000010
3268062 0.760020 0.100168 0.139812
3268612 0.999980 0.000010 0.000010
2512722 0.999980 0.000010 0.000010
3267622 0.991488 0.002618 0.005894
1263152 0.999980 0.000010 0.000010
3352612 0.984985 0.001226 0.013789
2517522 0.999980 0.000010 0.000010
2512082 0.999004 0.000010 0.000986
1262652 0.985213 0.011733 0.003054
2512312 0.902652 0.078212 0.019136
1264242 0.999980 0.000010 0.000010
1266272 0.996467 0.001677 0.001857
1263872 0.999980 0.000010 0.000010
3285962 0.988863 0.011127 0.000010
4271172 0.977163 0.000010 0.022827
4270212 0.999980 0.000010 0.000010
2513572 0.999980 0.000010 0.000010
3291722 0.999980 0.000010 0.000010
1267022 0.999980 0.000010 0.000010
2516522 0.919986 0.032908 0.047106
3291662 0.999980 0.000010 0.000010
3285332 0.314892 0.001782 0.683326
2517532 0.997699 0.002291 0.000010
1265702 0.992364 0.007626 0.000010
1266782 0.992736 0.007254 0.000010
3286252 0.997389 0.002601 0.000010
3290362 0.996866 0.002787 0.000347
3290762 0.970542 0.011752 0.017706
2514512 0.999980 0.000010 0.000010
3289432 0.937134 0.002892 0.059974
2518202 0.999980 0.000010 0.000010
1266682 0.945451 0.042678 0.011871
3268672 0.999980 0.000010 0.000010
2514362 0.999980 0.000010 0.000010
1264952 0.520321 0.467669 0.012010
3291632 0.976916 0.008261 0.014822
3293022 0.999980 0.000010 0.000010
3289102 0.976116 0.014702 0.009181
2511052 0.997886 0.002104 0.000010
2515702 0.992619 0.000010 0.007371
3286092 0.999980 0.000010 0.000010
3268732 0.996653 0.000010 0.003337
2518342 0.868831 0.105737 0.025433
3286232 0.999980 0.000010 0.000010
1264042 0.999980 0.000010 0.000010
3290742 0.986724 0.013121 0.000156
3268132 0.943566 0.020385 0.036049
1266312 0.999980 0.000010 0.000010
3267612 0.999980 0.000010 0.000010
2513352 0.649631 0.299646 0.050723
4270202 0.953951 0.015485 0.030564
3352622 0.978211 0.015009 0.006781
4271012 0.999048 0.000942 0.000010
2518252 0.999980 0.000010 0.000010
3286912 0.986551 0.013312 0.000137
2517142 0.997171 0.000010 0.002819
3286472 0.206453 0.000010 0.793537
3268332 0.995400 0.000010 0.004590
1262412 0.994256 0.002804 0.002940
3290942 0.976956 0.015343 0.007701
1264052 0.999980 0.000010 0.000010
3268442 0.988202 0.007394 0.004403
4271442 0.999980 0.000010 0.000010
3267532 0.987341 0.000010 0.012649
4271182 0.248843 0.011535 0.739622
2512782 0.822191 0.108498 0.069311
3291312 0.991844 0.008146 0.000010
3291142 0.999980 0.000010 0.000010
1266932 0.999980 0.000010 0.000010
1262482 0.999980 0.000010 0.000010
2517682 0.996166 0.000010 0.003824
3267872 0.993745 0.000010 0.006245
5367972 0.999125 0.000010 0.000865
5362352 0.988101 0.000010 0.011889
6303602 0.923260 0.028951 0.047789
5313252 0.826143 0.067359 0.106498
8355132 0.862161 0.085116 0.052724
5385052 0.990578 0.000550 0.008872
5386652 0.985818 0.000010 0.014172
5370662 0.916083 0.064683 0.019234
5387832 0.999980 0.000010 0.000010
5383402 0.993158 0.000010 0.006832
5368302 0.987120 0.000010 0.012870
7261942 0.093044 0.002396 0.904560
7259392 0.996325 0.003665 0.000010
5367482 0.995137 0.000010 0.004853
5361902 0.999313 0.000010 0.000677
5366762 0.496364 0.503626 0.000010
6305402 0.241374 0.004627 0.753999
6303892 0.999980 0.000010 0.000010
6304022 0.998338 0.000010 0.001652
6304092 0.999980 0.000010 0.000010
6303952 0.999306 0.000684 0.000010
6303902 0.970363 0.000010 0.029627
4274802 0.027048 0.959041 0.013910
5278052 0.997769 0.002221 0.000010
5386142 0.999980 0.000010 0.000010
5277802 0.998353 0.000010 0.001637
5366982 0.995854 0.004136 0.000010
6305102 0.987761 0.001194 0.011045
5364782 0.998084 0.000010 0.001906
5370152 0.967667 0.007470 0.024863
6303542 0.999980 0.000010 0.000010
5365222 0.993964 0.000010 0.006026
5368882 0.978343 0.007442 0.014215
5384372 0.987338 0.012652 0.000010
5384562 0.999980 0.000010 0.000010
5312772 0.990923 0.009067 0.000010
5363642 0.996662 0.003328 0.000010
7257602 0.995741 0.000010 0.004249
5368042 0.997563 0.000010 0.002427
5387272 0.999980 0.000010 0.000010
5387652 0.998515 0.000010 0.001475
7258722 0.923385 0.023273 0.053342
5369602 0.986714 0.000010 0.013276
7260162 0.918359 0.066661 0.014979
5362652 0.566751 0.000010 0.433239
5362112 0.262658 0.000010 0.737332
7450802 0.427659 0.549507 0.022834
7262332 0.997937 0.001257 0.000806
7259072 0.980751 0.002418 0.016831
5383872 0.993813 0.000010 0.006177
6303172 0.999980 0.000010 0.000010
7450752 0.991186 0.001519 0.007294
7269542 0.990514 0.005151 0.004335
5367512 0.997417 0.000010 0.002573
6303632 0.957691 0.022334 0.019975
5383352 0.996832 0.003158 0.000010
5369452 0.977643 0.022347 0.000010
7258962 0.999980 0.000010 0.000010
5368372 0.988321 0.003768 0.007910
5312712 0.986508 0.003260 0.010232
7259062 0.991657 0.004384 0.003959
5362062 0.963337 0.010240 0.026423
5371442 0.999980 0.000010 0.000010
5387922 0.997913 0.002077 0.000010
5370692 0.997607 0.000010 0.002383
5387202 0.999980 0.000010 0.000010
6303872 0.995618 0.000010 0.004372
5387552 0.974840 0.005674 0.019486
7259942 0.890142 0.071501 0.038356
5313472 0.996178 0.003320 0.000502
6303252 0.999980 0.000010 0.000010
5365332 0.926798 0.024558 0.048643
6303212 0.999980 0.000010 0.000010
7258172 0.999980 0.000010 0.000010
5383192 0.999221 0.000010 0.000769
5366722 0.991780 0.000536 0.007684
5362762 0.999980 0.000010 0.000010
8355472 0.994040 0.005950 0.000010
5366712 0.930189 0.030162 0.039648
8355942 0.601307 0.303311 0.095382
4274902 0.999980 0.000010 0.000010
8355162 0.638948 0.304456 0.056596
6303332 0.999980 0.000010 0.000010
5364842 0.994997 0.000141 0.004862
8356172 0.999980 0.000010 0.000010
7261512 0.539478 0.365419 0.095102
8355782 0.997081 0.000010 0.002909
5372132 0.673103 0.168622 0.158275
5497102 0.981925 0.000010 0.018065
11320342 0.981292 0.018698 0.000010
12353782 0.941366 0.026043 0.032591
11487782 0.999980 0.000010 0.000010
11321212 0.993264 0.006726 0.000010
12278092 0.694263 0.305030 0.000706
11417132 0.743954 0.256036 0.000010
9280922 0.955013 0.018234 0.026753
9280972 0.993310 0.006680 0.000010
12451872 0.999980 0.000010 0.000010
11323532 0.999980 0.000010 0.000010
11322632 0.999980 0.000010 0.000010
11321122 0.988341 0.011649 0.000010
11322862 0.978393 0.021597 0.000010
11321852 0.998003 0.001967 0.000030
11321312 0.966373 0.010777 0.022850
11321682 0.999980 0.000010 0.000010
11323462 0.008458 0.987337 0.004205
11321572 0.999980 0.000010 0.000010
11416592 0.995040 0.001918 0.003042
9280862 0.580585 0.367773 0.051642
11324692 0.997310 0.002680 0.000010
11487522 0.953204 0.010679 0.036117
11372492 0.997883 0.000010 0.002107
11416282 0.997341 0.002649 0.000010
9276832 0.999980 0.000010 0.000010
9255212 0.618006 0.209077 0.172917
11372212 0.983656 0.000010 0.016334
11321542 0.841310 0.133516 0.025174
11487802 0.999980 0.000010 0.000010
9255242 0.998433 0.000010 0.001557
9327852 0.978271 0.001500 0.020229
11320642 0.604018 0.284367 0.111615
11372462 0.992781 0.000010 0.007209
11324972 0.635801 0.300894 0.063305
12277322 0.991955 0.004201 0.003844
11321162 0.999980 0.000010 0.000010
11321062 0.389839 0.567815 0.042345
11372612 0.988535 0.000010 0.011455
12278402 0.999980 0.000010 0.000010
12317182 0.000010 0.993232 0.006758
8361252 0.996296 0.000010 0.003694
11321662 0.999748 0.000010 0.000242
12319802 0.995279 0.004711 0.000010
11487852 0.996411 0.000010 0.003579
8361302 0.999980 0.000010 0.000010
9281092 0.998444 0.000010 0.001546
12319452 0.974817 0.008995 0.016188
9276842 0.000010 0.999980 0.000010
8361282 0.562961 0.017208 0.419831
12353232 0.999980 0.000010 0.000010
12354882 0.999846 0.000010 0.000144
12317742 0.823897 0.176093 0.000010
11320712 0.997979 0.001272 0.000748
11323892 0.978545 0.000215 0.021240
11372402 0.997516 0.002474 0.000010
12315742 0.996043 0.002961 0.000996
11326082 0.801565 0.131178 0.067257
12353452 0.997895 0.002001 0.000104
12353202 0.619807 0.326059 0.054134
8361462 0.996496 0.000010 0.003494
8360812 0.976893 0.005687 0.017420
11416642 0.000010 0.995946 0.004044
11322082 0.997789 0.000010 0.002201
11416342 0.777875 0.193078 0.029046
11320822 0.994279 0.005711 0.000010
12316132 0.994874 0.005116 0.000010
12354732 0.999980 0.000010 0.000010
12320122 0.999980 0.000010 0.000010
11324282 0.989509 0.000010 0.010481
9280962 0.999980 0.000010 0.000010
11324022 0.997447 0.000010 0.002543
11487452 0.980209 0.005388 0.014403
11323622 0.897690 0.060420 0.041890
11326572 0.023141 0.509075 0.467783
12353582 0.692325 0.261493 0.046181
9280702 0.593143 0.317815 0.089042
16376722 0.990893 0.007106 0.002001
16376282 0.999046 0.000010 0.000944
16376532 0.999980 0.000010 0.000010
16376692 0.997523 0.000010 0.002467
12497312 0.564788 0.018638 0.416574
12501502 0.988280 0.009791 0.001929
12498482 0.992630 0.007360 0.000010
12498432 0.999980 0.000010 0.000010
15479822 0.993533 0.000010 0.006457
15417752 0.999980 0.000010 0.000010
16373252 0.990938 0.000010 0.009052
15478832 0.986487 0.000010 0.013503
12499762 0.999980 0.000010 0.000010
15251382 0.998497 0.001493 0.000010
15476582 0.996297 0.000010 0.003693
15476132 0.996078 0.003912 0.000010
12498682 0.999980 0.000010 0.000010
16376372 0.999980 0.000010 0.000010
16376752 0.999980 0.000010 0.000010
15481642 0.999966 0.000010 0.000024
12498032 0.999980 0.000010 0.000010
16374862 0.999980 0.000010 0.000010
12497922 0.993350 0.006168 0.000482
12499102 0.506161 0.493244 0.000594
15476942 0.991156 0.002509 0.006335
15478662 0.999980 0.000010 0.000010
15283612 0.999875 0.000115 0.000010
15482242 0.994479 0.002993 0.002528
15250832 0.996446 0.000605 0.002949
16376142 0.999037 0.000010 0.000953
12498062 0.999980 0.000010 0.000010
15253472 0.999980 0.000010 0.000010
12498642 0.972665 0.002508 0.024827
15476722 0.999980 0.000010 0.000010
12500022 0.999980 0.000010 0.000010
15480502 0.954800 0.016147 0.029053
15251792 0.999980 0.000010 0.000010
15419262 0.999980 0.000010 0.000010
12497612 0.933147 0.022273 0.044580
12499442 0.998754 0.000010 0.001236
16376682 0.999127 0.000863 0.000010
16376322 0.992960 0.000010 0.007030
15283172 0.999980 0.000010 0.000010
12501942 0.993934 0.000010 0.006056
15473712 0.989451 0.010539 0.000010
16376662 0.998104 0.001886 0.000010
15483012 0.999980 0.000010 0.000010
16374872 0.980684 0.019306 0.000010
16376392 0.999980 0.000010 0.000010
15417832 0.997152 0.000010 0.002838
12500352 0.998647 0.001343 0.000010
15485992 0.767679 0.090316 0.142004
15419092 0.999980 0.000010 0.000010
16375872 0.998300 0.001690 0.000010
15254562 0.997324 0.000010 0.002666
12502272 0.985736 0.000010 0.014254
16376672 0.992762 0.000010 0.007228
15484582 0.999980 0.000010 0.000010
12498372 0.999980 0.000010 0.000010
15252622 0.999980 0.000010 0.000010
15475392 0.999903 0.000010 0.000087
15482792 0.973948 0.005967 0.020085
16374912 0.999980 0.000010 0.000010
15419492 0.991181 0.001819 0.007000
12500882 0.999215 0.000775 0.000010
16376312 0.993817 0.001244 0.004939
15479242 0.993059 0.000010 0.006931
12501272 0.998682 0.001308 0.000010
16373242 0.988206 0.008819 0.002974
15479772 0.991147 0.000010 0.008843
19296572 0.992557 0.000010 0.007433
20471572 0.993440 0.005053 0.001507
19297552 0.999980 0.000010 0.000010
20489572 0.997159 0.000010 0.002831
17381522 0.986596 0.013394 0.000010
20471292 0.985635 0.000010 0.014355
19297392 0.976674 0.023316 0.000010
20489122 0.976070 0.008546 0.015385
19295222 0.994886 0.005104 0.000010
19294502 0.999980 0.000010 0.000010
17380402 0.999980 0.000010 0.000010
19295662 0.998775 0.001215 0.000010
19297202 0.996754 0.003236 0.000010
19389242 0.999980 0.000010 0.000010
19295342 0.996686 0.003304 0.000010
20471442 0.556058 0.080744 0.363198
19298572 0.967406 0.032584 0.000010
20489262 0.988678 0.006004 0.005318
19297272 0.999980 0.000010 0.000010
19298022 0.983474 0.000975 0.015551
19298202 0.994739 0.000010 0.005251
20488882 0.999980 0.000010 0.000010
19294642 0.991064 0.007397 0.001538
19295502 0.999980 0.000010 0.000010
17379742 0.152111 0.005424 0.842465
20489042 0.983942 0.002996 0.013062
19294722 0.992490 0.007500 0.000010
19298182 0.999980 0.000010 0.000010
20468902 0.994610 0.000010 0.005380
19383012 0.999980 0.000010 0.000010
19298192 0.999980 0.000010 0.000010
19298232 0.999980 0.000010 0.000010
20489222 0.999980 0.000010 0.000010
17381422 0.991640 0.001689 0.006671
20489092 0.971450 0.000010 0.028540
19301152 0.770034 0.145100 0.084865
19293372 0.987296 0.007378 0.005325
19293672 0.499447 0.500543 0.000010
19295792 0.993376 0.000010 0.006614
16378832 0.742041 0.253802 0.004157
19295592 0.994701 0.000010 0.005289
19293852 0.992650 0.007340 0.000010
17381542 0.997898 0.000010 0.002092
19299342 0.935582 0.064408 0.000010
20489242 0.999980 0.000010 0.000010
20489282 0.053541 0.932647 0.013812
19293442 0.997859 0.002131 0.000010
19298982 0.999980 0.000010 0.000010
20471382 0.977565 0.013769 0.008666
19294952 0.999980 0.000010 0.000010
19296812 0.995971 0.004019 0.000010
19382732 0.984185 0.015805 0.000010
19298812 0.995456 0.004534 0.000010
20488972 0.987699 0.002795 0.009505
19295362 0.999980 0.000010 0.000010
19298902 0.993199 0.000010 0.006791
19293242 0.997299 0.002691 0.000010
19301302 0.999980 0.000010 0.000010
17381572 0.997054 0.000010 0.002936
20489422 0.995893 0.004097 0.000010
20489202 0.988588 0.011402 0.000010
19295132 0.997383 0.000010 0.002607
20471282 0.977258 0.000010 0.022732
17381402 0.996331 0.000392 0.003277
20471552 0.994243 0.000010 0.005747
19295422 0.984892 0.007608 0.007500
19382902 0.994406 0.000010 0.005584
17379622 0.999980 0.000010 0.000010
19296722 0.998532 0.000010 0.001458
19382812 0.999980 0.000010 0.000010
16378972 0.961540 0.013044 0.025416
19294452 0.992279 0.000010 0.007711
19298592 0.995455 0.004535 0.000010
19294702 0.992796 0.007194 0.000010
20488842 0.979479 0.006032 0.014488
19298362 0.999980 0.000010 0.000010
16378992 0.996586 0.000010 0.003404
20489392 0.953562 0.005493 0.040945
20471682 0.958209 0.000010 0.041781
19294052 0.999980 0.000010 0.000010
19297142 0.999980 0.000010 0.000010
16378932 0.999090 0.000900 0.000010
19295492 0.999980 0.000010 0.000010
19298162 0.999980 0.000010 0.000010
20489082 0.971558 0.008750 0.019692
19295602 0.995565 0.000010 0.004425
17380062 0.143348 0.005595 0.851058
19296692 0.999980 0.000010 0.000010
22432042 0.755585 0.244405 0.000010
24437772 0.999980 0.000010 0.000010
22431972 0.504541 0.495449 0.000010
22431952 0.658764 0.279322 0.061914
22432282 0.942816 0.041495 0.015689
20494592 0.980261 0.003079 0.016660
24441832 0.125503 0.000010 0.874487
20495562 0.999980 0.000010 0.000010
20494682 0.993169 0.006821 0.000010
23396152 0.999980 0.000010 0.000010
22432462 0.999980 0.000010 0.000010
20493212 0.999980 0.000010 0.000010
24441722 0.984808 0.000010 0.015182
22432372 0.967084 0.003459 0.029457
20495272 0.999980 0.000010 0.000010
24442282 0.996192 0.000010 0.003798
24442272 0.999980 0.000010 0.000010
20494582 0.997552 0.000010 0.002438
21391612 0.994288 0.001573 0.004139
24442232 0.999980 0.000010 0.000010
22427442 0.102507 0.002653 0.894840
20494342 0.999980 0.000010 0.000010
20495132 0.988880 0.009861 0.001259
24441992 0.994868 0.005122 0.000010
21393802 0.113222 0.012732 0.874046
22432302 0.000010 0.999980 0.000010
21392112 0.993143 0.004873 0.001984
22432182 0.579644 0.350499 0.069857
21390232 0.992441 0.000010 0.007549
20494792 0.986582 0.000010 0.013408
21393742 0.994341 0.000010 0.005649
20495452 0.999066 0.000924 0.000010
24443042 0.995165 0.000010 0.004825
20494432 0.994096 0.000010 0.005894
20493582 0.997322 0.000348 0.002330
24441862 0.997894 0.002096 0.000010
21393942 0.999149 0.000010 0.000841
20495262 0.989853 0.001486 0.008661
20493352 0.999980 0.000010 0.000010
21392722 0.991029 0.000010 0.008961
20493232 0.000010 0.999980 0.000010
20494382 0.999980 0.000010 0.000010
21394022 0.997078 0.002912 0.000010
20494932 0.991189 0.008801 0.000010
22427902 0.539244 0.361121 0.099636
21392162 0.954229 0.023756 0.022015
23396082 0.987051 0.012939 0.000010
22427562 0.999980 0.000010 0.000010
20493252 0.999980 0.000010 0.000010
20495542 0.999980 0.000010 0.000010
21390342 0.994022 0.000010 0.005968
24443912 0.999980 0.000010 0.000010
21390282 0.998829 0.001161 0.000010
21392642 0.999980 0.000010 0.000010
22427912 0.989456 0.010534 0.000010
20493012 0.997302 0.002688 0.000010
22427262 0.999921 0.000010 0.000069
22432422 0.999980 0.000010 0.000010
22434262 0.999980 0.000010 0.000010
20495392 0.516463 0.002134 0.481404
22434302 0.357832 0.161380 0.480788
22432552 0.987365 0.009513 0.003122
24444002 0.991193 0.002407 0.006400
21393472 0.993179 0.006811 0.000010
22431912 0.999980 0.000010 0.000010
21390022 0.994527 0.000010 0.005463
24442072 0.990974 0.000010 0.009016
24443872 0.992424 0.000010 0.007566
21391682 0.995908 0.000776 0.003316
24443852 0.999980 0.000010 0.000010
24441892 0.999980 0.000010 0.000010
24441902 0.997340 0.000010 0.002650
20493222 0.977546 0.002801 0.019653
24443942 0.999980 0.000010 0.000010
22433002 0.992522 0.007468 0.000010
20494472 0.999980 0.000010 0.000010
21393882 0.999980 0.000010 0.000010
21392182 0.974788 0.009336 0.015876
22433012 0.616367 0.312115 0.071518
22432852 0.883969 0.105237 0.010794
24444072 0.662004 0.312134 0.025862
21390492 0.999980 0.000010 0.000010
22427432 0.550819 0.392419 0.056762
20493382 0.130435 0.010639 0.858926
22432602 0.722883 0.241387 0.035730
20494482 0.928583 0.020700 0.050717
22432922 0.955440 0.012989 0.031571
22428222 0.856688 0.076465 0.066846
22432882 0.999980 0.000010 0.000010
21392332 0.999788 0.000010 0.000202
22427972 0.515179 0.388529 0.096292
24441792 0.588940 0.000010 0.411050
21390312 0.993589 0.000010 0.006401
20492932 0.989077 0.005092 0.005832
24442172 0.998216 0.000010 0.001774
20493202 0.998510 0.000010 0.001480
21393892 0.961232 0.011428 0.027340
20494352 0.993241 0.001646 0.005113
22432002 0.999980 0.000010 0.000010
21393962 0.999980 0.000010 0.000010
24441612 0.558207 0.001493 0.440300
20495252 0.811336 0.066156 0.122508
22427922 0.621782 0.323763 0.054455
22432992 0.653508 0.291046 0.055445
24444082 0.991270 0.003909 0.004821
20494752 0.926662 0.022676 0.050662
21391432 0.999454 0.000536 0.000010
24442262 0.999980 0.000010 0.000010
22427352 0.976938 0.004419 0.018643
21391542 0.995036 0.000238 0.004727
24443052 0.995266 0.004724 0.000010
21392742 0.999980 0.000010 0.000010
20493432 0.160530 0.015612 0.823858
24444152 0.994153 0.000010 0.005837
24442212 0.077788 0.019297 0.902914
24441742 0.945474 0.046004 0.008522
20493082 0.999980 0.000010 0.000010
22432072 0.830101 0.104177 0.065722
20494892 0.631800 0.289569 0.078631
22427952 0.318917 0.169463 0.511620
21393722 0.999980 0.000010 0.000010
22428152 0.636747 0.311663 0.051590
22432162 0.643232 0.298433 0.058334
20495182 0.991479 0.000010 0.008511
24444032 0.977295 0.013436 0.009268
20494972 0.755588 0.008638 0.235774
20493492 0.964651 0.009258 0.026092
22427702 0.992919 0.007071 0.000010
22432052 0.741619 0.217545 0.040836
21392522 0.175435 0.006871 0.817694
22427272 0.687628 0.266480 0.045892
22432572 0.609814 0.350735 0.039452
28461872 0.999845 0.000010 0.000145
27412752 0.999980 0.000010 0.000010
26404132 0.996778 0.000010 0.003212
28461632 0.993888 0.000010 0.006102
25424012 0.999980 0.000010 0.000010
26400172 0.999980 0.000010 0.000010
27412772 0.999980 0.000010 0.000010
26399972 0.997807 0.000010 0.002183
27411942 0.923388 0.045279 0.031333
27413662 0.999980 0.000010 0.000010
26400322 0.999980 0.000010 0.000010
27413222 0.995325 0.002893 0.001782
24446962 0.998022 0.000010 0.001968
27412232 0.969785 0.005657 0.024559
26400212 0.000010 0.999980 0.000010
27411922 0.989216 0.000668 0.010116
26404032 0.999980 0.000010 0.000010
27412012 0.999980 0.000010 0.000010
27413302 0.999980 0.000010 0.000010
27412092 0.999980 0.000010 0.000010
27412632 0.999980 0.000010 0.000010
27413762 0.995225 0.000010 0.004765
26397572 0.997338 0.000010 0.002652
26401912 0.999980 0.000010 0.000010
28461172 0.890231 0.067885 0.041884
27413182 0.856404 0.115887 0.027709
26403102 0.986644 0.009170 0.004186
28460362 0.289699 0.000010 0.710291
26404162 0.196554 0.000010 0.803436
25421912 0.919363 0.014639 0.065998
26403332 0.991469 0.000010 0.008521
27413122 0.999980 0.000010 0.000010
26404122 0.999980 0.000010 0.000010
27413582 0.999980 0.000010 0.000010
27412262 0.995216 0.004774 0.000010
28461962 0.999980 0.000010 0.000010
27412652 0.122573 0.010333 0.867094
24447042 0.999980 0.000010 0.000010
27412152 0.890632 0.097625 0.011743
27413622 0.999980 0.000010 0.000010
26403392 0.994737 0.000010 0.005253
25422512 0.201984 0.003803 0.794213
27413782 0.989737 0.000010 0.010253
26397382 0.999980 0.000010 0.000010
26404102 0.996663 0.000010 0.003327
27413882 0.999980 0.000010 0.000010
25420832 0.998754 0.001236 0.000010
28460802 0.995682 0.004308 0.000010
26403942 0.992961 0.001256 0.005783
28460622 0.999313 0.000010 0.000677
26403312 0.999980 0.000010 0.000010
28460922 0.996706 0.000010 0.003284
25420902 0.999980 0.000010 0.000010
27412702 0.980287 0.004005 0.015708
26403232 0.999980 0.000010 0.000010
27412252 0.868434 0.115350 0.016216
27413052 0.999980 0.000010 0.000010
27411282 0.178159 0.022796 0.799045
25423442 0.996589 0.003401 0.000010
26403502 0.992555 0.000010 0.007435
26403302 0.975106 0.009476 0.015418
27411652 0.999732 0.000010 0.000258
26399942 0.999980 0.000010 0.000010
28460772 0.487310 0.459599 0.053091
27411632 0.996063 0.000010 0.003927
24446912 0.999980 0.000010 0.000010
28461942 0.860770 0.024115 0.115115
26400312 0.983072 0.011964 0.004964
27412962 0.999980 0.000010 0.000010
26406252 0.104518 0.008736 0.886747
27412782 0.999980 0.000010 0.000010
27413592 0.999980 0.000010 0.000010
27412122 0.992856 0.004924 0.002220
26403782 0.999980 0.000010 0.000010
27413872 0.546458 0.397910 0.055632
28461162 0.140443 0.048414 0.811143
26403602 0.991060 0.000010 0.008930
26403802 0.998307 0.000010 0.001683
27413102 0.999980 0.000010 0.000010
27413802 0.999980 0.000010 0.000010
27413932 0.998916 0.000010 0.001074
27412242 0.999980 0.000010 0.000010
26403632 0.996293 0.003695 0.000012
26401892 0.991711 0.008279 0.000010
27412062 0.917137 0.064069 0.018794
24448762 0.968182 0.001692 0.030126
27412182 0.948715 0.001936 0.049349
26403182 0.995906 0.004084 0.000010
26403562 0.999980 0.000010 0.000010
27412682 0.999980 0.000010 0.000010
26399862 0.999980 0.000010 0.000010
8359762 0.494211 0.505779 0.000010
8357052 0.999980 0.000010 0.000010
8356522 0.452148 0.500699 0.047153
8359482 0.993406 0.006584 0.000010
29417052 0.658920 0.271174 0.069906
33624182 0.111270 0.000010 0.888720
33628292 0.999980 0.000010 0.000010
33624732 0.999980 0.000010 0.000010
33626342 0.999878 0.000010 0.000112
33628092 0.999980 0.000010 0.000010
33624012 0.999980 0.000010 0.000010
33624162 0.990274 0.000010 0.009716
33628282 0.985984 0.000650 0.013366
8357682 0.999980 0.000010 0.000010
33625732 0.079114 0.000010 0.920876
33627622 0.999980 0.000010 0.000010
33628152 0.999980 0.000010 0.000010
32613362 0.654920 0.272645 0.072435
31609372 0.997717 0.000010 0.002273
32615222 0.993088 0.003555 0.003357
32615632 0.604059 0.331915 0.064026
31609782 0.999980 0.000010 0.000010
31609852 0.997243 0.000447 0.002310
32614512 0.999456 0.000534 0.000010
33625932 0.999980 0.000010 0.000010
32611722 0.566732 0.356489 0.076779
30624722 0.979747 0.000010 0.020243
32617992 0.996529 0.000010 0.003461
30625872 0.450123 0.522884 0.026992
33627292 0.997039 0.000010 0.002951
30629242 0.996944 0.000010 0.003046
32615072 0.999352 0.000638 0.000010
30623442 0.999980 0.000010 0.000010
33626952 0.999980 0.000010 0.000010
31610392 0.998408 0.001582 0.000010
32614742 0.999980 0.000010 0.000010
31608922 0.986078 0.013912 0.000010
30623322 0.922776 0.064615 0.012609
31607622 0.997350 0.002640 0.000010
8357972 0.948504 0.000010 0.051486
31610192 0.104446 0.015390 0.880164
31607792 0.999980 0.000010 0.000010
29453512 0.006344 0.988948 0.004708
31609242 0.999980 0.000010 0.000010
30629172 0.988992 0.004523 0.006485
8358432 0.999980 0.000010 0.000010
30628032 0.991632 0.004650 0.003718
33628512 0.993453 0.000010 0.006537
30626882 0.981439 0.003080 0.015481
8360052 0.986654 0.003285 0.010060
30629282 0.971538 0.004514 0.023947
29452402 0.000010 0.999980 0.000010
31609442 0.997910 0.000010 0.002080
8356642 0.999980 0.000010 0.000010
31609432 0.805053 0.173541 0.021407
32614612 0.974195 0.008328 0.017477
15484882 0.595994 0.009869 0.394136
15418202 0.115957 0.003957 0.880087
15253362 0.144852 0.016850 0.838298
24441762 0.996158 0.000010 0.003832
1263602 0.998468 0.000010 0.001522
15475772 0.999980 0.000010 0.000010
2518898 0.999980 0.000010 0.000010
3286458 0.981746 0.008996 0.009257
3292558 0.996090 0.000010 0.003900
3291308 0.971414 0.012800 0.015786
1265578 0.994593 0.005397 0.000010
1265878 0.999980 0.000010 0.000010
3291718 0.995582 0.000010 0.004408
1266018 0.999980 0.000010 0.000010
1301568 0.999980 0.000010 0.000010
2511968 0.999980 0.000010 0.000010
3290988 0.147680 0.009351 0.842969
3290478 0.999980 0.000010 0.000010
3291468 0.947007 0.004624 0.048370
3352658 0.970097 0.006395 0.023508
2513828 0.996440 0.002389 0.001171
2511478 0.999980 0.000010 0.000010
1265208 0.999980 0.000010 0.000010
1265478 0.999484 0.000010 0.000506
1266828 0.994996 0.004994 0.000010
1266348 0.999980 0.000010 0.000010
1264198 0.997381 0.000010 0.002609
2512948 0.976079 0.020316 0.003605
2511408 0.999980 0.000010 0.000010
1264458 0.994527 0.000010 0.005463
3289178 0.986515 0.001466 0.012018
3287078 0.999980 0.000010 0.000010
3287658 0.999980 0.000010 0.000010
3268798 0.999980 0.000010 0.000010
3285198 0.992320 0.007670 0.000010
2514218 0.777047 0.220798 0.002156
1263758 0.996671 0.003319 0.000010
2514698 0.985613 0.000010 0.014377
3290908 0.970030 0.005400 0.024570
4256808 0.999980 0.000010 0.000010
1265178 0.999980 0.000010 0.000010
2515428 0.980498 0.000010 0.019492
1263398 0.813324 0.140940 0.045736
1263498 0.996272 0.003718 0.000010
3292738 0.998948 0.000010 0.001042
3269028 0.997132 0.001636 0.001232
3290598 0.986312 0.000010 0.013678
2512398 0.994198 0.005792 0.000010
3288898 0.999980 0.000010 0.000010
1263748 0.986433 0.006187 0.007380
7260278 0.994643 0.000010 0.005347
5520218 0.999980 0.000010 0.000010
5520118 0.999980 0.000010 0.000010
8355778 0.967021 0.014492 0.018487
5520068 0.990906 0.000010 0.009084
8355008 0.994858 0.000522 0.004619
5519878 0.967427 0.001981 0.030592
5384418 0.994678 0.000010 0.005312
6303008 0.993415 0.000010 0.006575
6302258 0.992054 0.000222 0.007725
6302188 0.926000 0.017286 0.056714
4275578 0.502199 0.496906 0.000896
5519958 0.915777 0.021307 0.062916
5520688 0.999980 0.000010 0.000010
8355038 0.992825 0.000010 0.007165
6302528 0.998518 0.000010 0.001472
5520388 0.975005 0.000010 0.024985
5520498 0.987936 0.001829 0.010235
5520538 0.992261 0.000010 0.007729
5520478 0.473065 0.497026 0.029909
5520578 0.991623 0.000010 0.008367
8354848 0.999980 0.000010 0.000010
7260648 0.930605 0.021173 0.048222
8355828 0.991757 0.000010 0.008233
5520098 0.999976 0.000014 0.000010
5383618 0.982865 0.000615 0.016520
6302288 0.999627 0.000010 0.000363
7257848 0.963189 0.006853 0.029958
6302298 0.997723 0.002267 0.000010
5366338 0.828900 0.098909 0.072191
5520108 0.993271 0.006719 0.000010
6303038 0.967166 0.014846 0.017988
6302008 0.048019 0.000010 0.951971
8352798 0.997691 0.000010 0.002299
6303028 0.999844 0.000010 0.000146
6302398 0.998637 0.000010 0.001353
8327288 0.576639 0.378504 0.044857
6302198 0.999208 0.000010 0.000782
6302028 0.066874 0.019333 0.913793
5520008 0.999980 0.000010 0.000010
8354928 0.990718 0.004513 0.004769
5520628 0.999980 0.000010 0.000010
9280588 0.986762 0.013228 0.000010
9255888 0.960170 0.011681 0.028149
9327688 0.998859 0.001131 0.000010
9497438 0.923676 0.030170 0.046154
12451468 0.999980 0.000010 0.000010
12354078 0.999980 0.000010 0.000010
12353038 0.993025 0.006904 0.000071
9255718 0.964675 0.025025 0.010301
9496258 0.965336 0.020481 0.014183
9276948 0.996334 0.003656 0.000010
11487838 0.833444 0.133489 0.033067
9255698 0.926304 0.013255 0.060440
9255498 0.732398 0.120852 0.146750
9255968 0.974106 0.016841 0.009053
9496308 0.967508 0.013443 0.019049
9496508 0.975364 0.000010 0.024626
9496848 0.928103 0.022517 0.049380
11324558 0.993744 0.006246 0.000010
12316398 0.997363 0.002627 0.000010
9496738 0.926665 0.012750 0.060585
8360938 0.991756 0.008234 0.000010
9497588 0.929162 0.035536 0.035302
9277008 0.971053 0.017743 0.011204
11324218 0.999980 0.000010 0.000010
9496178 0.677632 0.060117 0.262250
11324358 0.999980 0.000010 0.000010
9255858 0.998451 0.001539 0.000010
9277258 0.752115 0.086195 0.161690
11322788 0.988879 0.006870 0.004251
9327708 0.941239 0.007486 0.051276
9255558 0.969630 0.000010 0.030360
9497758 0.997194 0.000010 0.002796
11326208 0.757981 0.206682 0.035336
9255568 0.931273 0.018093 0.050635
5520338 0.997668 0.000010 0.002322
5520738 0.999980 0.000010 0.000010
12501878 0.996410 0.001788 0.001802
12498798 0.974485 0.007300 0.018215
12501088 0.999980 0.000010 0.000010
16372748 0.999980 0.000010 0.000010
15250628 0.993101 0.000010 0.006889
16372358 0.999980 0.000010 0.000010
12500898 0.997326 0.000010 0.002664
12498938 0.995985 0.003301 0.000714
12501408 0.997497 0.000010 0.002493
12500578 0.999980 0.000010 0.000010
12501648 0.986675 0.001397 0.011928
16372788 0.986723 0.000010 0.013267
20452658 0.999980 0.000010 0.000010
19295648 0.991292 0.008698 0.000010
20453448 0.962330 0.007958 0.029713
17381748 0.925485 0.024907 0.049608
17380318 0.999573 0.000010 0.000417
20468748 0.999342 0.000010 0.000648
20452618 0.282329 0.009770 0.707901
17381848 0.999980 0.000010 0.000010
20453568 0.489295 0.258081 0.252624
17379668 0.980346 0.000010 0.019644
20452598 0.985042 0.000010 0.014948
20453388 0.997075 0.000010 0.002915
19294278 0.979867 0.020123 0.000010
19297178 0.558358 0.008081 0.433561
19295858 0.992268 0.000010 0.007722
20468668 0.999980 0.000010 0.000010
17380088 0.724786 0.260836 0.014378
20468658 0.997909 0.001986 0.000105
21392208 0.999980 0.000010 0.000010
20490428 0.999942 0.000010 0.000048
20490418 0.990113 0.003183 0.006704
20490398 0.950391 0.009062 0.040547
22427028 0.994166 0.005824 0.000010
20490368 0.990867 0.000010 0.009123
22427218 0.892422 0.048827 0.058752
21393538 0.245035 0.006442 0.748523
24447478 0.996339 0.000010 0.003651
24447178 0.726604 0.203547 0.069849
27407378 0.997179 0.001069 0.001752
26397128 0.643229 0.296238 0.060533
24449128 0.999980 0.000010 0.000010
26397198 0.984570 0.000010 0.015420
24447388 0.958502 0.015992 0.025505
24447328 0.999092 0.000898 0.000010
26397108 0.996477 0.000010 0.003513
24447258 0.993222 0.004056 0.002722
24447368 0.998352 0.000010 0.001638
27407648 0.999980 0.000010 0.000010
24447218 0.887250 0.102402 0.010348
25425618 0.994061 0.005929 0.000010
25423488 0.994782 0.000010 0.005208
24447338 0.991388 0.000010 0.008602
25421258 0.999980 0.000010 0.000010
26397258 0.999980 0.000010 0.000010
28459938 0.576910 0.342927 0.080163
24448908 0.986112 0.006322 0.007566
26406158 0.999980 0.000010 0.000010
28459908 0.578047 0.354668 0.067285
24448778 0.999980 0.000010 0.000010
27407358 0.999980 0.000010 0.000010
27407698 0.999980 0.000010 0.000010
26397098 0.994835 0.003119 0.002046
27407288 0.997562 0.002428 0.000010
25425218 0.999980 0.000010 0.000010
24447358 0.999980 0.000010 0.000010
26398248 0.989827 0.010163 0.000010
25420588 0.997525 0.000635 0.001840
24447348 0.791513 0.169669 0.038818
28460028 0.914471 0.024966 0.060563
26398588 0.998164 0.000010 0.001826
26401348 0.991868 0.000010 0.008122
24448868 0.997852 0.002138 0.000010
24448928 0.985045 0.002247 0.012708
25423598 0.996149 0.002159 0.001692
25425888 0.999980 0.000010 0.000010
26401268 0.998928 0.001062 0.000010
26401198 0.999980 0.000010 0.000010
24447228 0.999980 0.000010 0.000010
25423828 0.999980 0.000010 0.000010
26401288 0.989922 0.003384 0.006693
28459988 0.992371 0.007619 0.000010
27407228 0.999980 0.000010 0.000010
8356938 0.824471 0.129531 0.045997
8358078 0.995180 0.000010 0.004810
8356638 0.176057 0.000010 0.823933
28466988 0.999976 0.000010 0.000014
28466978 0.996007 0.000728 0.003265
33627778 0.994039 0.005945 0.000016
33623838 0.999980 0.000010 0.000010
31608808 0.999980 0.000010 0.000010
33626818 0.988631 0.004342 0.007026
31608148 0.991829 0.008161 0.000010
31609988 0.999980 0.000010 0.000010
31608758 0.999980 0.000010 0.000010
32612588 0.668297 0.255862 0.075840
32612548 0.950914 0.000568 0.048518
31607558 0.999980 0.000010 0.000010
31609928 0.995361 0.000270 0.004369
32612748 0.989907 0.009647 0.000446
31609358 0.995684 0.000010 0.004306
32618748 0.978289 0.009233 0.012478
30627968 0.999980 0.000010 0.000010
29453828 0.918267 0.031382 0.050351
29454558 0.995896 0.004094 0.000010
8357448 0.818751 0.145034 0.036215
8358338 0.792923 0.155013 0.052064
32612718 0.999980 0.000010 0.000010
8357788 0.588666 0.374598 0.036736
32612598 0.999980 0.000010 0.000010
29451828 0.978386 0.008151 0.013464
31608098 0.988775 0.004136 0.007089
29416708 0.994864 0.000911 0.004225
31606928 0.999980 0.000010 0.000010
31606938 0.992991 0.006999 0.000010
30626088 0.999980 0.000010 0.000010
8358468 0.528570 0.383587 0.087843
32612368 0.732963 0.248333 0.018703
32612708 0.984805 0.015185 0.000010
29454358 0.587313 0.374028 0.038659
31608308 0.561941 0.366554 0.071505
9327788 0.987025 0.004134 0.008841
9255348 0.000010 0.999980 0.000010
1264675 0.999980 0.000010 0.000010
3287325 0.998573 0.001417 0.000010
2517665 0.995329 0.000010 0.004661
3288705 0.981435 0.004932 0.013633
3285705 0.689935 0.000335 0.309730
3287735 0.999980 0.000010 0.000010
3287225 0.909840 0.030803 0.059357
3288775 0.998643 0.001347 0.000010
3352435 0.981304 0.008559 0.010137
2515145 0.999980 0.000010 0.000010
3285365 0.336406 0.000010 0.663584
1264635 0.998465 0.001525 0.000010
3268695 0.636590 0.000010 0.363400
2512115 0.874643 0.118485 0.006872
3288165 0.995780 0.000010 0.004210
1265425 0.999980 0.000010 0.000010
3286425 0.990106 0.004473 0.005421
1262915 0.931216 0.018431 0.050354
3285985 0.159165 0.007632 0.833204
1263585 0.995209 0.004781 0.000010
4270435 0.999980 0.000010 0.000010
3286825 0.999980 0.000010 0.000010
4270415 0.978175 0.008021 0.013804
3269185 0.999980 0.000010 0.000010
2513785 0.970016 0.000010 0.029974
2518295 0.997075 0.000010 0.002915
3291675 0.995433 0.000010 0.004557
2518985 0.998026 0.001964 0.000010
4270385 0.788575 0.187623 0.023802
1265295 0.321100 0.081981 0.596919
2515925 0.541797 0.409303 0.048900
3290045 0.999980 0.000010 0.000010
3287285 0.995580 0.000010 0.004410
3268245 0.999980 0.000010 0.000010
2517675 0.925889 0.066841 0.007271
3286845 0.996988 0.003002 0.000010
1265285 0.999980 0.000010 0.000010
3287435 0.998073 0.001917 0.000010
2518945 0.999980 0.000010 0.000010
2517625 0.992237 0.000010 0.007753
2516225 0.995264 0.000420 0.004316
3269115 0.995079 0.004911 0.000010
2517365 0.999980 0.000010 0.000010
5385405 0.991394 0.000010 0.008596
6300925 0.997214 0.000010 0.002776
6301775 0.994113 0.005877 0.000010
4275225 0.999980 0.000010 0.000010
4275395 0.966348 0.010924 0.022728
5367865 0.976364 0.002443 0.021193
6301815 0.954667 0.019368 0.025966
5387975 0.958169 0.031794 0.010037
6301115 0.999980 0.000010 0.000010
7259275 0.965472 0.001021 0.033507
6300975 0.996440 0.003550 0.000010
6301025 0.999980 0.000010 0.000010
6300555 0.050753 0.002474 0.946773
6301065 0.945008 0.011933 0.043060
6301655 0.999980 0.000010 0.000010
6300805 0.991383 0.000010 0.008607
6301075 0.991534 0.008456 0.000010
5385325 0.504395 0.495595 0.000010
6300425 0.099001 0.004376 0.896623
6301135 0.999980 0.000010 0.000010
6301085 0.999980 0.000010 0.000010
6301645 0.991109 0.004096 0.004794
7260535 0.990292 0.009698 0.000010
6300775 0.999980 0.000010 0.000010
7259625 0.964885 0.008510 0.026605
6301895 0.999980 0.000010 0.000010
6301585 0.993329 0.000220 0.006452
5367325 0.999980 0.000010 0.000010
6300985 0.746890 0.251513 0.001597
8361215 0.996158 0.001404 0.002438
9495345 0.924808 0.022504 0.052689
9495425 0.979597 0.000010 0.020393
12278075 0.983138 0.010736 0.006126
12312295 0.999980 0.000010 0.000010
9472175 0.262698 0.000010 0.737292
12277405 0.987331 0.000010 0.012659
12317585 0.136822 0.013205 0.849973
12495765 0.999980 0.000010 0.000010
9472135 0.930988 0.023441 0.045571
7258145 0.999980 0.000010 0.000010
6301825 0.995404 0.000010 0.004586
12497965 0.918494 0.028267 0.053239
16375575 0.998107 0.001554 0.000340
15479965 0.992088 0.000010 0.007902
15486305 0.999980 0.000010 0.000010
15253425 0.999980 0.000010 0.000010
15252735 0.984828 0.000010 0.015162
16375605 0.991999 0.007726 0.000275
12498575 0.999980 0.000010 0.000010
16373155 0.274975 0.001287 0.723738
12499955 0.990996 0.000010 0.008994
16375775 0.999980 0.000010 0.000010
12502405 0.702091 0.295608 0.002301
12502345 0.068744 0.013553 0.917703
16375655 0.999980 0.000010 0.000010
15487165 0.999980 0.000010 0.000010
12498205 0.999980 0.000010 0.000010
12498595 0.999980 0.000010 0.000010
15478945 0.998621 0.001369 0.000010
15417675 0.992280 0.002213 0.005507
15475785 0.081108 0.000010 0.918882
16375635 0.997872 0.000010 0.002118
16373145 0.998097 0.001893 0.000010
16375565 0.992073 0.000010 0.007917
15478325 0.997966 0.000010 0.002024
12501695 0.999980 0.000010 0.000010
16375625 0.991271 0.008719 0.000010
15479785 0.072543 0.000010 0.927447
20467405 0.999980 0.000010 0.000010
20468405 0.992573 0.004460 0.002967
20468385 0.126176 0.003866 0.869958
20467455 0.919914 0.029191 0.050894
20467435 0.997784 0.001691 0.000525
19301405 0.991676 0.000010 0.008314
19297115 0.984715 0.009208 0.006077
19388985 0.991143 0.008847 0.000010
17382565 0.977844 0.002299 0.019857
19297755 0.995604 0.000010 0.004386
20468365 0.992873 0.002579 0.004547
19296095 0.999980 0.000010 0.000010
20467395 0.950914 0.000010 0.049076
20467355 0.999980 0.000010 0.000010
19296305 0.998428 0.001562 0.000010
19294515 0.994780 0.004507 0.000713
19298475 0.991540 0.008450 0.000010
19299215 0.998335 0.001655 0.000010
17381895 0.998474 0.000010 0.001516
19295275 0.999980 0.000010 0.000010
19298285 0.987364 0.012626 0.000010
19296235 0.989359 0.005502 0.005140
19298705 0.991605 0.008385 0.000010
20467345 0.985278 0.014712 0.000010
17382635 0.735290 0.104006 0.160704
19297705 0.999980 0.000010 0.000010
19296365 0.999980 0.000010 0.000010
17381885 0.999980 0.000010 0.000010
20468395 0.999980 0.000010 0.000010
19296185 0.997234 0.002756 0.000010
19382925 0.999980 0.000010 0.000010
19297765 0.999980 0.000010 0.000010
19298455 0.977489 0.003084 0.019427
22426225 0.998794 0.000010 0.001196
22426815 0.997559 0.002431 0.000010
22426865 0.643173 0.311895 0.044932
22426735 0.999980 0.000010 0.000010
21395505 0.966335 0.004986 0.028679
20490045 0.993364 0.006626 0.000010
20489795 0.959482 0.000569 0.039949
20489785 0.988130 0.010767 0.001103
20489875 0.953123 0.015405 0.031472
20490005 0.999980 0.000010 0.000010
22426295 0.995152 0.004341 0.000508
20489995 0.988871 0.003557 0.007572
21395195 0.983268 0.010344 0.006388
20489775 0.999980 0.000010 0.000010
