Data <- structure(list(Line = c("Line 1", "Line 1", "Line 1", "Line 1", 
                        "Line 2", "Line 2", "Line 2", "Line 2", "Line 1", "Line 1", "Line 1", 
                        "Line 1", "Line 2", "Line 2", "Line 2", "Line 2"), Rep = c(1, 
                                                                                   1, 1, 1, 1, 1, 1, 1, 2, 2, 2, 2, 2, 2, 2, 2), Weight = c(NA, 
                                                                                                                                            NA, NA, NA, 26, 26, 26, 27, 26, 28, 26, 25, 24, 26, 25, NA), 
               PLANT = c(1, 2, 3, 4, 1, 2, 3, 4, 1, 2, 3, 4, 1, 2, 3, 4)), row.names = c(NA, 
                                                                                         -16L), class = c("tbl_df", "tbl", "data.frame"))